
2224,1938,314
914,897,224,901,2144,899,938,510,910,1938
659
314

277,1938,257,2224

1938,4791,897,224,910,989
4421

314,512,514,968,3152,1796,4354
224,3633,910,897,510
398
4791



1502
0,1938


98
2224,224,6298,910
2224,277
508,277


224,520,897
1502
31,224


4791,224,897
253,337,97,398,134
520,659,908,257,602
134,97


510
277
507

31,815

123
1283,3635,257,2144,3189
507,897,314,910
2224,6693
4791
1938,898,257
2670,257
224,510,46,314,862,461,910,899,897,277

2224,277,257,1938,3849,4791
123,508



2224,257,510,921,7355
257,2224,1733



4131,1938

224

659
510,224,897,899,257
31,621
418
4791,3633
686,602


2224
97
899
4791,4131,257


2224,1938

510,277,257,398,899,1217,898,0

3633,2224,277,4900,4131,520
2224,1938,659
7022,4421,4354,6693,5363
594,592
2144
0,512,314,3189,506,815,4421
507,398

314
897
897,314,224,2224,4791
2224,3633,277,4131

510,123,897
1938,224,898
97



6693
398
4791,4900,3189

277,510,1733,46

277,257,461
257,862
4791,3633
910
322

277,510,2224,1938
2224
0,621,84
418

6693,314
1938,2224
3633

686,862,659,898,1001,2144
659,921,257
277

2224


277,398,253

277

2144,31,2670,224,897,3012,2096
1938


277
5363,898,3563,6693

97
277,314,257,0,123
277,97,257,314,506,398,509,123,337

899
0,594
592,224,31

277,510,7355
6693,6755,6726,1938
1938,897,910,314

257,2144,277,224,510,2077
2144,914,2224,2013,224,968,706
5363

512,3189,314,899
398,97
277,510,314,257,1502,97,1938
224,1938
224,507,2670

1938
46,686



1938,224,897,257,507
398,508,277,322
97,322
3189,314,506,3282,512,514,968,701,3005
314

123

4131,4791,510,257
123

224,1938,899
7022,6755,3633
314,3189,277,1938,3633


692,862,694,510,0
899
314
510,461,398
398,134
1938
314,1502,97,257,899,898,897,1882,914,398
2224,659,314
224,7355,314,277,4791
2224,510,97



963,1938

314,2224,224,6693
277,4791,4131
3633

1938,2224,277,510,257,314,224,46
224,897,989,901,899

7022
3633,4131

224,1938,897
592,31,621,84
1938
686,659,694,224
898
897,224,277,910,1938,474,507
314



4131,3633
897
224,910,2194,835,1444,314
277
2670
257,899,910,510

1938,897,3189,224,910,314
910,3633




1938,897,2037
2224,257,6298,1733
224,1502,520,897,1938,314,277



97
418,257,398,97
910,899,418
520,921,277,0,257,686,98
6693

4131,4791

314,257,1938,461,0,4354,3189
7355,4791
7022,6755,8457,3563
257,2224,2144,659,277,46

224,898,899,897,963,862
2670,3633,314,6693
224,910,31,897,0,615,546
314,7355,3633,4131,4791
1938,277,314,3136,4354,2224
277
2224,659
461,97,314,508
2224
224
901,910,898


257,510,520
594,116

224,897,910,474,507,938
4791,2224,7355,899,6693,314,1502
314,461,334


31,592
546,592
257,314,510,97,398,31,123

277,2224,506
2224,257,3557,277,6298,4900,314
897
257,398,418,507,334
322
520
277
257,2601,3136,314,277,1938,4900

257,510,46,314,862,277



257,97,277,314,31,507,322
963,1502,97
510
510
97,257,337

224,1938,910,897,418
4791
2224,1938,277
592
899


314


510,659,895
898,314,897,277,862,224
1938,257,46,2224,659,897,913



694,659,686,895,733,510
2224,257,3189,277,3633

2224
3633
6693,1938,4791,3633,224,4131,8457
508,97
4791
508
257,224,2224,1938,921,913,277,43
1938,224,862,906,520

257,2224

257,2224,520,1938

1938
224
224,2832,659,277,2224,314,1938

398,418


1938,7355
1938

1938,224,277,910,897,3189
2144,1938,224,2077,910,898

4791,4131
224,510,897,257,968


1938
398,123,97
615
277



224,897,910,989,507,835
897,257,224

314,7022,4636,4354,6693,3189,7355
314,224
1938,97,1502,520,398,314,461,1242
897,1938,3189,5363

314,2224,510

2224,1938
1938,277,4131
898

257,314,507,277
314
4607,4131,257,4926,2224



1938,257,510,461
257,1502
897,224,507,1938,910
1938




510,2144,1938,314,257,1502,898
224,1938,910,2144,897
97


3563,5363,4421,314,277,7022
815
314,257

1938,224,910,2077

253,277,134
398,123
257,2224,314,2144
659,520,257,694,908,2144,98,862
1938,4791,4131,3633
277


314,97
46,2224,1938,277,510
123
43,510,659
314,512,277,35,506,257,1290
7355,899

908,950,818
862,908,659,520,899

694,908
314,1938


46,3633,1733

2077


257,46,2224,659,1938
510,520,461,257
508,134
314


4791,1938,510,314,277


224,2224
507,898,510,277,659,474,897,899

1938,314,659

4791,7750
97
510

2224
1938,827,922,897,906,908
4131,910
277,257,224,398,97,507,314,659
461
398,508,334
277
97,277


257,1938,510
897,659,257,1938

257

659,2224,43,1733

84
1938,897,910,899

3633,6755,4131,4791

2224,257,7355,3633

1938,277,2224

659,224

277,314,1283,1938,257



277,4791,3633,4131
7355
2144,1938,3136,257,314



2224
314,224,910,277,31,615,897,97,257
898,314,2194,862,2102

461,97,1502,510,398,520,314,910
897,224,1938,910,277,314

4354,898,897
277

2077
2224,1938
277,897,224

5156,4354,7022

418,910

257
277,1938,7355,2224
314,257

257,277,659,314,510,602,914
1938,2077
546,621,0,592
897,520,898,224,510,314,257,461

1938,277,314,1283,2224,461
1938,257,277,3633,827
7355,6693,277,1938,6225,2224,314,4421,3189
277,509
314,224,1938,1502,277,507,2144
314
898,257,224,910,314,862,2224


314,507

1938,8358,4791,3633
1938,897,510,507,97

277,1938,257,314,3189,3633,2077
2224,1938,257
897,224,910
116,0,224

1938,7355,2077
257,314
4791
314,1938
898,0
2224,277,659

322
897,1938,507,910
224
277,4791,257,3633,461

2224,257,224
337
2224
314,4354,3569,6755
314,4131,4791,6755
4791,4131
123

277,3189,4791,1502
815,621,592
1938,1502,910,1180,897,224,461,1182,2077
257,1938,224,897,510,938
520,659,908,257,1938,510,913
910,4131,7355,4791
4791,3633
2224

224,507,1157,963
277
224,314
989

507,314
1938,910,2144,2224,897,224

277
659

3189,4354,4636,322
6693,4421,7355


1938
277,43,337,97,508
123,398,134,97
257
2144,507,224


508
897,2077,46,2144,314,1502,910
46,224,897,898,2144,899,867,862,1938

314,3189,7022,4354,4636,3569,6621
123,507,257,510


4791,4131
4354,6693,3282

277,1938,46

899,224,897,910,898

97,398,334

2144,97

257
314
461,314,510,257,2144,659,1938,277

520
277,4131,4791,3633,2224,1938,314,4354


314

862
508,398


899,901

337
